//eng   bems        bemsErr     Nobs            err             eff             lum     lumErr  se      seErr   sysUncor,corr
3050   3.04966   0.028e-3   152.176   13.4009   0.17393   14.919   0.161   8.59758e-04   0              1.31    4.66
3060   3.05871   0.028e-3   148.366   13.0644   0.171565   15.060   0.161   8.59758e-04   0             1.34    4.66
3083   3.08251   0.043e-3   33.3409   6.72341   0.166325   4.769   0.055   8.59758e-04   0              6.10    4.66
3087.6   3.087590   0.130e-3   15.2133   4.07687   0.1634   2.470   0.020   8.59758e-04   0             2.08    4.66
3090   3.08887   0.022e-3   107.916   10.4797   0.15878   15.558   0.165   8.59758e-04   0              2.32    4.66
3093   3.09178   0.025e-3   89.4516   10.1957   0.150985   14.910   0.160   8.59758e-04   0             2.74    4.66
3094.3   3.09471   0.084e-3   31.0991   6.16054   0.15515   2.143   0.025   8.59758e-04   0             5.19    4.66
3095.2   3.09545   0.081e-3   125.937   12.7132   0.163115   1.816   0.021   8.59758e-04   0            4.77    4.66
3095.7   3.095730   0.080e-3   387.903   22.389   0.16918   2.920   0.020   8.59758e-04   0             2.13    4.66
3095.8   3.09584   0.075e-3   403.306   21.7924   0.170805   2.135   0.025   8.59758e-04   0            2.75    4.66
3096.2   3.096200   0.070e-3   1208.32   37.7841   0.18205   4.978   0.028   8.59758e-04   0            2.40    4.66
3097111   3.096900   0.081e-3   1.00392e+06   1257.72   0.195007   2962.72   0.430   8.59758e-04   0       2.26    4.66
3096.9   3.09723   0.076e-3   769.683   30.5019   0.197845   2.096   0.026   8.59758e-04   0            1.62    4.66
3097   3.096990   0.080e-3   1023.14   34.4156   0.19807   3.100   0.020   8.59758e-04   0              0.84    4.66
3097.2   3.097230   0.100e-3   555.267   25.4101   0.19968   1.680   0.010   8.59758e-04   0            2.92    4.66
3097.7   3.097650   0.080e-3   1314.03   39.7224   0.203595   4.660   0.030   8.59758e-04   0           1.13    4.66
3098.2   3.09836   0.080e-3   367.437   21.8375   0.194575   2.203   0.025   8.59758e-04   0            5.02    4.66
3098.7   3.098728   0.075e-3   632.284   26.7114   0.197465   5.640   0.030   8.59758e-04   0           2.20    4.66
3099   3.09906   0.093e-3   62.6927   8.7784   0.196075   0.756   0.011   8.59758e-04   0               4.61    4.66
3101.5   3.10138   0.106e-3   43.6347   8.12226   0.19251   1.612   0.021   8.59758e-04   0             8.28    4.66
3104   3.104000   0.080e-3   111.594   11.6302   0.19064   5.720   0.030   8.59758e-04   0              2.49    4.66
3105.5   3.10560   0.090e-3   31.9237   6.01468   0.18978   2.106   0.025   8.59758e-04   0             6.81    4.66
3112   3.11207   0.093e-3   19.3735   4.34722   0.181785   1.720   0.021   8.59758e-04   0              1.55    4.66
3120   3.11989   0.115e-3   16.1233   4.80558   0.171915   1.264   0.016   8.59758e-04   0              7.08    4.66
